,y11RSHO,y11RELB,y11RWRA,y12RSHO,y12RELB,y12RWRA,y13RSHO,y13RELB,y13RWRA,y15RSHO,y15RELB,y15RWRA,y16RSHO,y16RELB,y16RWRA,y21RSHO,y21RELB,y21RWRA,y22RSHO,y22RELB,y22RWRA,y23RSHO,y23RELB,y23RWRA,y25RSHO,y25RELB,y25RWRA,y26RSHO,y26RELB,y26RWRA,y31RSHO,y31RELB,y31RWRA,y32RSHO,y32RELB,y32RWRA,y33RSHO,y33RELB,y33RWRA,y35RSHO,y35RELB,y35RWRA,y36RSHO,y36RELB,y36RWRA,y41RSHO,y41RELB,y41RWRA,y42RSHO,y42RELB,y42RWRA,y43RSHO,y43RELB,y43RWRA,y45RSHO,y45RELB,y45RWRA,y46RSHO,y46RELB,y46RWRA,y51RSHO,y51RELB,y51RWRA,y52RSHO,y52RELB,y52RWRA,y53RSHO,y53RELB,y53RWRA,y55RSHO,y55RELB,y55RWRA,y56RSHO,y56RELB,y56RWRA,y61RSHO,y61RELB,y61RWRA,y62RSHO,y62RELB,y62RWRA,y63RSHO,y63RELB,y63RWRA,y65RSHO,y65RELB,y65RWRA,y66RSHO,y66RELB,y66RWRA
y11RSHO,1.0,0.7870749650917948,0.8825040205373015,0.9009842153529392,0.8981624279433058,0.8560830007988183,0.6643831550114268,0.8016245287461049,0.9043665560322501,0.6765613544311947,0.8984075637788647,0.7479478852457765,0.9343235729446178,0.7310473630194956,0.8863015895401336,0.9504482316014019,0.8184662329888761,0.8712186486854044,0.8832575458964126,0.9293614111913219,0.9064409752656236,0.679776754462254,0.7093252775423101,0.8431364144966811,0.8348042810721332,0.8982346422314105,0.8168286117954154,0.9446133371365752,0.8023883449757213,0.9262156569279643,0.9371344657820111,0.8080630128883101,0.8736165191900168,0.8619659568311049,0.9449742225394919,0.8825162405679352,0.5746366762226893,0.659979603868008,0.9154988275570971,0.7228068404058255,0.9145028208170701,0.8584000206439129,0.9218625274879811,0.8246284619300733,0.923515347762202,0.9176319707206055,0.744370247412306,0.9042077760547185,0.890769009804629,0.9174096128521156,0.8832277505343499,0.665605620612158,0.7514555194105675,0.966702108872453,0.7492254054591185,0.9183736892975998,0.7898508821869827,0.8486986538640198,0.8325312512670502,0.9460216389802438,0.9509913582828066,0.8412755870573823,0.915174141117664,0.8224695938745084,0.8905860705533442,0.8991677706333444,0.6519496097664391,0.5938693160714463,0.8828031663462526,0.7832867108216902,0.9475498755002236,0.7721616540284088,0.9353651399277342,0.8219569499479509,0.9071374427089731,0.8201405458682021,0.7162952293882779,0.8905063131172023,0.8144046545019055,0.8029136894019274,0.845763489704009,0.6724742581794302,0.7356225804188381,0.8949684326324073,0.8341922858118184,0.9255758716658715,0.8317894963500452,0.9317491407187675,0.7406893600145165,0.9317321931198133
y11RELB,0.7870749650917948,1.0,0.6259717989080277,0.9360079652692909,0.8348965516814207,0.9134040540569164,0.7317224308498989,0.9273504445217918,0.7518870765122926,0.6671354294690087,0.7325907786583647,0.5766929820901053,0.8905477268719102,0.979348212308806,0.6072268607834506,0.7037226810035214,0.9916597497011197,0.5709741390588104,0.9323320944427893,0.8554458561835906,0.7877456534776361,0.7437247929162684,0.7989891979515023,0.9088396265559118,0.9799752397704135,0.7051262191253604,0.77186354816241,0.9050182647230287,0.9166514790473298,0.7225988795481666,0.8616116035140367,0.9861490854122833,0.5885285813531216,0.8204443672011071,0.7523472572630988,0.9148934896049328,0.7120888699807503,0.8076244235497222,0.8829540500224131,0.6997110721154538,0.753232520029129,0.6930599759370767,0.8192697843989984,0.8493703568713321,0.5862902542099322,0.9313535087956817,0.9105577474810568,0.8586795350586532,0.9392691757955199,0.7952698951414243,0.9019510568767969,0.7770195623952849,0.7449325455464548,0.7754780140049394,0.9641770987274142,0.667469318795114,0.6019000285387877,0.7022324219719713,0.8861017200583368,0.8015116397987805,0.7719883674837317,0.8772580738729175,0.634469782092699,0.8860174981126386,0.7970792253023679,0.8829646173300826,0.7392760687334018,0.6991305686790908,0.5509103321499214,0.9557928434793292,0.795645881345238,0.6294153130242166,0.903524596275024,0.9292100574621546,0.6267983411466518,0.7026500589711308,0.9857536576444741,0.6584432627345581,0.8863247821582574,0.7668807046642642,0.8960276266202618,0.8076344673147968,0.9186773042361961,0.6363657822922304,0.855284084492607,0.7886915060878444,0.7439802423720114,0.8558413453383897,0.9171862234246757,0.7902744972243694
y11RWRA,0.8825040205373015,0.6259717989080277,1.0,0.7939637012685408,0.8242961547603035,0.6798711795522326,0.585289927838574,0.7042436957482846,0.8682394948596763,0.73547835513746,0.8962110134759259,0.8010178296319581,0.81096400372663,0.5428615342159184,0.9124212930237745,0.9084707040385636,0.634046052889422,0.8042407735906087,0.7411405628426221,0.8213114765523226,0.8468131854553216,0.6278785776000521,0.6531981376101824,0.7486369267233338,0.6485413786217545,0.8543015726803797,0.7479086465826765,0.795825251529594,0.696499840805118,0.870481284727202,0.7696435416049551,0.6455055030666563,0.9125301300620116,0.7765054953814702,0.881748399030916,0.7118445267611779,0.5116638790668259,0.5775408237313369,0.847377266539031,0.7565162011461646,0.8599644272421048,0.8636346594835338,0.8134067687377549,0.7599090180250447,0.891515143619531,0.7596556204593055,0.6291577988870907,0.8391937097839639,0.7067084776870086,0.8370095344905474,0.7674873840172676,0.5842093221623545,0.7525611053658453,0.8882851823917545,0.48696078032135753,0.8587086119318111,0.8509421885982522,0.8155717276017119,0.739966734006873,0.855955854814036,0.8688071806672796,0.7578441914638236,0.845478958446839,0.6427257020490437,0.8359552488889573,0.8260491330958728,0.5708699059603749,0.5790628838463896,0.829862921816805,0.5644216996265239,0.8538747204818782,0.766728076668602,0.8281326251139515,0.6880424675875438,0.8713607970248283,0.7675746992268346,0.5157183992926808,0.895036524530025,0.7256841713715535,0.7424240662572382,0.6795707404172101,0.5867051885860232,0.635406256177414,0.8783270124216714,0.803618181659943,0.8938662782055712,0.7977156931199986,0.8934237647161429,0.6314666701668965,0.8687885678485214
y12RSHO,0.9009842153529392,0.9360079652692909,0.7939637012685408,1.0,0.9582996874936194,0.9001782170900197,0.8029771890528998,0.9655454891763174,0.9189591989514423,0.7929564895893924,0.8876788259393541,0.7327516907994228,0.9342133911474729,0.9026711661842598,0.8009996263410655,0.8603976251486108,0.946002642502489,0.7392652641195668,0.9510598537766378,0.9536931536303547,0.87194710288936,0.8343175237372414,0.8553344282936587,0.9816261246135022,0.9447870534363697,0.8814010195909769,0.7840520515894137,0.9224285058152144,0.9562428305745575,0.8545940618876519,0.914162970293235,0.9499849764320193,0.7703248756982715,0.9149867550066337,0.8974720515315046,0.9235927775514228,0.7637011378374252,0.851780494246311,0.9698684326270955,0.8461020069740142,0.871130669221815,0.8439083490807605,0.9088238484145014,0.9468863293722846,0.7738766940332358,0.9746761681294412,0.9138755124042185,0.9757826226322724,0.9643338132327073,0.9207768008657414,0.8931911613559823,0.8312799443943619,0.8798345432681569,0.924190266165647,0.8658961220281318,0.8366723617054588,0.7373386979650712,0.8478357870138942,0.9243101066802418,0.9067140991339494,0.9012808451778739,0.9319899263348266,0.7935048819553907,0.9144663817658245,0.9309339635842659,0.9506336718937106,0.8190385231899924,0.7826064379898934,0.7223506507322353,0.8734325582865005,0.9126710059611363,0.7699042215432094,0.9516384297997242,0.9624365776030563,0.798489530896938,0.8317263818547245,0.8966271055678409,0.8363666089786169,0.9268648502435565,0.8883326738397171,0.8968427677818696,0.842493722743582,0.9365506222027677,0.8263749645800434,0.9513521527738471,0.9390346646178911,0.7930550961014537,0.9620438118238055,0.9241201193645708,0.8803642913873954
y12RELB,0.8981624279433058,0.8348965516814207,0.8242961547603035,0.9582996874936194,1.0,0.830101828608641,0.8196798098916316,0.9275490579971114,0.9521450421225361,0.8037641858917445,0.9157261317023231,0.7868256716125982,0.8965538321540335,0.8050811658564504,0.8548342553628816,0.8891249198466791,0.8506968541328006,0.7821735517282489,0.8716681944048261,0.9516732136044609,0.8579191126199249,0.8478370375883807,0.869506655671366,0.958234935394917,0.8397892101627891,0.9497025170530244,0.7752263562846315,0.8821820529687822,0.9373581319965668,0.8652673827632429,0.8768256738814895,0.8542889732168288,0.8350706670642278,0.9195493569979425,0.9334219673229002,0.8680038059469686,0.7853480660876012,0.8510574610831546,0.9465154835132361,0.879138833802623,0.9091611740857332,0.8888357431285286,0.9142351039979518,0.9210082856878242,0.8141213855922722,0.930095514372015,0.8805037059790976,0.9818593005303938,0.9067569263640035,0.9387811234788467,0.7969242458731376,0.847596864115973,0.9154085264308723,0.9257095472946654,0.7372959185949881,0.8955934784184946,0.7937888094941458,0.9102203728949777,0.8661578281637549,0.8924112421601514,0.9207822062026296,0.8825242539560035,0.8260813907412247,0.8572992948936479,0.910987115209432,0.9088675402102835,0.8380911356846974,0.8126849819337375,0.7875170529242479,0.7637471129117073,0.9248834313260595,0.8533904515108688,0.9110129533812102,0.910949137247163,0.8396138060753348,0.8713018694062745,0.7846987157136682,0.891528291973978,0.9148209659471186,0.921531675633114,0.836914068414463,0.8339315658765144,0.9004981528923607,0.8544368969696943,0.9266397580010052,0.9641381549747131,0.7570898528788622,0.9595402695317786,0.8817037269589731,0.8450723493370659
y12RWRA,0.8560830007988183,0.9134040540569164,0.6798711795522326,0.9001782170900197,0.830101828608641,1.0,0.6469851857552464,0.83088536184715,0.7764074796240042,0.5540221688723753,0.7785151945719131,0.5556497723081231,0.9107614425022218,0.8968854367113522,0.6665180556560866,0.7733947585012476,0.9409989438751767,0.6757526262865536,0.8913975102650366,0.870581223177607,0.8189805607069643,0.6378846275948659,0.7101295803507088,0.8314584259807981,0.9394732975751362,0.7485543275809309,0.8042648061047667,0.9399840647430333,0.8244079348203406,0.7887812580673199,0.8782720625643979,0.9277457317383417,0.6768106646617696,0.7685791853167464,0.7816362508674615,0.9674943032969953,0.572184269777997,0.6733788013711093,0.8462976466131579,0.6188478990253875,0.7920815363895726,0.6809995659312824,0.8468752292236119,0.7741741106021411,0.7131583818701768,0.8793998738160137,0.8167993418098185,0.8440122925589303,0.9174287546639472,0.8406835361391207,0.9242119140023759,0.6683930747151354,0.6414201399708948,0.8493726241992972,0.9169785834617671,0.7388090785542499,0.6580399918594393,0.753651857875934,0.8527108291733614,0.8616110122125671,0.8377396283998401,0.8561854126389756,0.6998828625260385,0.855006853369698,0.8010183213057946,0.9057828064938591,0.6124351103242488,0.559530984741364,0.6609940036358993,0.9576638890838178,0.8869088701330196,0.6304429271034262,0.9061598148709717,0.8722520353560107,0.7360146416159876,0.648363221315209,0.896374234466672,0.7118827617187211,0.8279133770085689,0.7456817100671388,0.9577489065799982,0.6936576676029664,0.8016225403840578,0.7322059365072371,0.7728691455534648,0.8097068088375968,0.7943654347786413,0.8255867650286275,0.817854245585189,0.8501328279147367
y13RSHO,0.6643831550114268,0.7317224308498989,0.585289927838574,0.8029771890528998,0.8196798098916316,0.6469851857552464,1.0,0.8973451607311411,0.8140636180798282,0.5717713930630435,0.7778546983795728,0.4767570839104169,0.6897134091990617,0.7870336438023546,0.6886922257247259,0.5973015103667986,0.7382404819838623,0.5862144307464457,0.746353810253546,0.8276623377063234,0.6965897659507112,0.9890325922116578,0.98105065395818,0.8578677083439541,0.6795617433289899,0.7909330989614687,0.5637508630399152,0.6780862284001694,0.8791411878721129,0.7051878664437252,0.6786743270040518,0.6897633649358628,0.5944458815284962,0.9187964023780316,0.7733037571674481,0.7000354164528882,0.9709023004971016,0.9705405040162496,0.7597699137513535,0.6580992606423391,0.7059144151891938,0.6413546178188803,0.6820119714029542,0.7487512533159061,0.5181529232501988,0.7588565561772456,0.938703192209375,0.8509366889791524,0.8352464775192852,0.7572091889506993,0.5708435801017356,0.9806622072426691,0.9111482333908961,0.7179129252477143,0.6519167022175403,0.6711034425467461,0.5140022273790764,0.8660907978646136,0.5732399175161256,0.65261136210342,0.7226598124302874,0.598089829163875,0.6625440790681016,0.7805421964650039,0.6492375727772145,0.6764034815052733,0.9807987098700803,0.9725381530838701,0.5629151461655644,0.6308959362174968,0.7127587481732683,0.7782456841157713,0.7046086389292592,0.8355387243277755,0.6875984895453545,0.9088304860679354,0.7316874622740974,0.7098189055333152,0.9356986368282533,0.9076826391319922,0.6727967584394926,0.9854687834588888,0.867197102894651,0.6846614691796692,0.7150087058158461,0.7481919297254515,0.47170997029962564,0.7551162908385096,0.9285294513311829,0.6254126492893796
y13RELB,0.8016245287461049,0.9273504445217918,0.7042436957482846,0.9655454891763174,0.9275490579971114,0.83088536184715,0.8973451607311411,1.0,0.8750602137991118,0.774631831523754,0.839396186602917,0.6567915173400171,0.8527046514009299,0.9223301741626422,0.72224999725376,0.758301100251398,0.9261075093630956,0.6275933238157494,0.9055885729654432,0.9212610479727078,0.7914569207610427,0.9221710868354613,0.9334014996515176,0.9836944304243009,0.9042147184856689,0.8357622127178631,0.7076609298379395,0.8465982627782451,0.9839802920907222,0.7685162766564124,0.8305396411087698,0.9195178298198271,0.6769370171617001,0.9234554934135891,0.8408924631810065,0.8593724391353923,0.8790527928280755,0.9434061267885634,0.9253615901566188,0.8322709676784122,0.7975829792314998,0.7845328458805882,0.8278246040317564,0.9118564844800904,0.6296502640417818,0.9293450736294674,0.9740310967600616,0.9494026703640772,0.9450362219076268,0.8611251886580319,0.7964926506013607,0.9259942577186878,0.926210891866682,0.8342380766711791,0.8403059123693877,0.745923471649958,0.6530471012095508,0.8386429654586427,0.8538281421512213,0.7959704567376101,0.8257485120414761,0.8671421659389499,0.7073130424964792,0.8855583302402726,0.8467684143687024,0.8742403345815144,0.9079035519899503,0.8922558669542259,0.6009189950868367,0.8298817001479614,0.8315019214404973,0.7587846920204174,0.8811057924900032,0.9566061586993246,0.7065423026224097,0.8536993063662318,0.9068973516301079,0.7637011653986935,0.9646231545193328,0.8965777249359413,0.8300272483203067,0.9360209831211972,0.9836110071398532,0.7455396666102777,0.9210017094837023,0.8767428364560711,0.668133196859657,0.9079356553546235,0.9788083094048726,0.7753400220817958
y13RWRA,0.9043665560322501,0.7518870765122926,0.8682394948596763,0.9189591989514423,0.9521450421225361,0.7764074796240042,0.8140636180798282,0.8750602137991118,1.0,0.7298392445114965,0.9504089631288081,0.7617747554321872,0.8789798417388384,0.723231403390257,0.9302232925525775,0.8824184282649284,0.7792198376787592,0.8746911297835113,0.8630934998137372,0.9344068895267517,0.868404596940172,0.844199889714659,0.8359162621407343,0.9111388537386621,0.7607349506813462,0.9608965330616274,0.7336386040508031,0.8423993484451393,0.870243577330931,0.8920404227400553,0.8695025292174723,0.7750608667489235,0.8531222783777033,0.922974568420943,0.9408712317693584,0.8282020788041411,0.7540357786143258,0.8099223033220111,0.900067782952553,0.8224865662505727,0.9091279363147181,0.8732167371793758,0.877651505555121,0.9174030623118544,0.8691478710051119,0.8784860735443658,0.8242165064271094,0.9520178263131747,0.8810782379266492,0.9338833162778996,0.7643249070591741,0.7991775324297141,0.9019325450691354,0.9624159105950534,0.6566999363427097,0.9120498695587796,0.7796266504449667,0.9235010136932036,0.7787278212240829,0.9000028820150169,0.9279638614780077,0.8142104956491438,0.8868404122781549,0.8640933188037317,0.9302619824867535,0.8946241431547417,0.825156384151441,0.7929524752113594,0.8460217647989559,0.6818488278801286,0.9234035755371492,0.8758451558954055,0.8915605916872306,0.8917923004432744,0.8993795160069752,0.8847991401276489,0.6896458021162002,0.9316663142319014,0.8728008182096996,0.9399031233192957,0.8062618273001285,0.7979440741411277,0.8124987685414408,0.9508833259078543,0.8808990237654961,0.964311332588448,0.7581859077473511,0.9320856919784865,0.8322366440206909,0.8728319903336826
y15RSHO,0.6765613544311947,0.6671354294690087,0.73547835513746,0.7929564895893924,0.8037641858917445,0.5540221688723753,0.5717713930630435,0.774631831523754,0.7298392445114965,1.0,0.7015667957495756,0.8036998219479773,0.6510933539178742,0.5661230802919449,0.6617278638728108,0.7861860477623097,0.6504478326714449,0.47324212972271107,0.6429918983085867,0.6970938699011193,0.6163327287008792,0.6493656067940732,0.6458303582542715,0.8141643999279552,0.7014683114653516,0.7050600235336788,0.5271786030245428,0.6275539117686693,0.7779438028520294,0.6028776004055133,0.6208759505450923,0.7034418092096453,0.7017204055510806,0.6926726789111546,0.7196585023064492,0.5779410874631637,0.5741817400618013,0.6513112522248555,0.8641726271741627,0.970462556702556,0.6701349826830928,0.8373473510621765,0.6846015817439421,0.7798607612251283,0.6149963250829534,0.7766686426492402,0.6442327197170002,0.8062726445410732,0.638443281276714,0.6635836070370635,0.6351735890297078,0.634133106559849,0.8322709215434649,0.7000311271010289,0.5003846604398908,0.7276186545647991,0.7184451952739945,0.6078993664218414,0.8687188808363645,0.6659961470995249,0.7072164598053226,0.8722637991431115,0.5119201302194571,0.5290336828409962,0.76119120951219,0.7327009965406442,0.6192795136714084,0.6589300938306706,0.5026688314976283,0.5195715206539809,0.6468574724448416,0.5800248121003128,0.7043711895396952,0.6562886657467408,0.5315632520823672,0.6523790806488137,0.5873960134740441,0.6955057622095169,0.7096742578419659,0.6196288182322763,0.5231529931702233,0.6279535602599144,0.8073058418980055,0.6039483431296214,0.9224292494055047,0.8239935808041546,0.6004868913326948,0.8353342503703628,0.666166490048189,0.6051661501022216
y15RELB,0.8984075637788647,0.7325907786583647,0.8962110134759259,0.8876788259393541,0.9157261317023231,0.7785151945719131,0.7778546983795728,0.839396186602917,0.9504089631288081,0.7015667957495756,1.0,0.7421095052370821,0.8841071748880333,0.7002452643036107,0.9142401148410501,0.8965916386378646,0.7635799675947216,0.8273055642615845,0.8528042557877974,0.9301046047730015,0.8601952016539214,0.8018101295250316,0.8110501333618159,0.8604859816188647,0.7490497627054022,0.9318855822464749,0.7276157998582042,0.831969161187647,0.820306556228926,0.8923702002333993,0.8625924981565538,0.7444122539054808,0.8813221577453321,0.9019067119932781,0.9371988941421614,0.8285972688573465,0.7148396379117877,0.7633376543762348,0.8795815950163397,0.7711596989898633,0.934259109586867,0.8332113190321785,0.8882680565450493,0.8427528397382291,0.858656522650861,0.847274905066354,0.7959868789150663,0.9160435591857108,0.8632622977497961,0.9445090297717456,0.776046086792274,0.7723212734137032,0.8575726971994333,0.9439080933139812,0.6365747920044602,0.8813350655925594,0.8033469309043607,0.9213347889862356,0.7544481469482193,0.8736362042101271,0.9521632518244726,0.7873326619420606,0.8586744745494802,0.8158394307735344,0.8763027518447775,0.851209568749336,0.7695615063887123,0.7441338318962984,0.8441253554083047,0.7003984180048255,0.9432974285454034,0.8264684226415879,0.899354224306326,0.8357298415599916,0.9028885356282983,0.8745252194809514,0.6700317241837137,0.940567888674017,0.868129574681691,0.9148348823566689,0.7831247826546875,0.7741427302671327,0.7718020139593937,0.9196934706640284,0.8324670425839551,0.9499526039480526,0.7711755550968149,0.9308876351148946,0.7998096102757564,0.8710881764140812
y15RWRA,0.7479478852457765,0.5766929820901053,0.8010178296319581,0.7327516907994228,0.7868256716125982,0.5556497723081231,0.4767570839104169,0.6567915173400171,0.7617747554321872,0.8036998219479773,0.7421095052370821,1.0,0.7136188088849696,0.4816751020739096,0.7855628275181095,0.8039773604245599,0.570332920635088,0.6894077336547186,0.6365952643754741,0.7444212485123699,0.7332509002701003,0.5356982853253968,0.5583267866835356,0.7185446934423869,0.591957056517054,0.7563587221224031,0.6393006275142671,0.6684520017996103,0.6910727236336522,0.7363061692130227,0.6915464802716068,0.594417622855868,0.8000382573824314,0.6509264024470576,0.8017363533308793,0.6125248731238905,0.47997464027717324,0.5454430207676667,0.7811583738120336,0.8190215314801753,0.789248666644339,0.83618380828143,0.8113369486479151,0.7378214264328441,0.7794214053637535,0.7286857748815296,0.5586755266691386,0.7834253268704734,0.6082287367166495,0.7562732541719639,0.6432138019522227,0.5373183970528128,0.7215012628099114,0.7523195819769074,0.4166353585741815,0.7671758238859548,0.8852420365460031,0.6866447351131791,0.7419322713153502,0.7409644202612207,0.7430257536926538,0.7435277845013064,0.7254851848394732,0.5505102651462249,0.7783790892082532,0.7285704495976213,0.5147209303306378,0.5341351686080392,0.7252704620643586,0.46283030040434864,0.729830209837211,0.7276851257825123,0.7352036737025763,0.6163185569839295,0.6903326331365863,0.6605982920922163,0.4730097958291172,0.8271691559174146,0.6341963771939005,0.6559369574411796,0.5653200209403783,0.5034552502239572,0.6437370913047321,0.6909050341472174,0.807329307812555,0.8139711900555028,0.7442334244099897,0.827381365017491,0.5711175815993254,0.7391336601345552
y16RSHO,0.9343235729446178,0.8905477268719102,0.81096400372663,0.9342133911474729,0.8965538321540335,0.9107614425022218,0.6897134091990617,0.8527046514009299,0.8789798417388384,0.6510933539178742,0.8841071748880333,0.7136188088849696,1.0,0.8438542692501222,0.8165100804515381,0.880616756645808,0.9053771274174109,0.7921690010482307,0.958090214003874,0.9168453075038725,0.908959724388291,0.7036010644013921,0.7556082183351818,0.8775846043173257,0.9051560074781867,0.8547677509847389,0.8238051082507326,0.958487733764976,0.8383158392998078,0.8891117116177844,0.945179832303417,0.8994311444014325,0.7811173465502864,0.8795463677751979,0.889527196747744,0.9340426484064016,0.625866222434306,0.7131953440866388,0.9103750024925463,0.6971732546744255,0.910156658373911,0.8013255264456871,0.9375717505339338,0.8654947902426314,0.8364059205142255,0.9380509772139479,0.8196917654720718,0.8991518455543152,0.9315186756939136,0.9091958035384797,0.9264762963550052,0.6983690316590544,0.7448939762354518,0.9244641069182533,0.8541166028514647,0.8653647704557818,0.7577373181165505,0.8237563758076376,0.8547944794544795,0.9336191459939925,0.9411958572617931,0.8625067365202769,0.8225418800266474,0.8916538234594111,0.8914255685656705,0.931980990889392,0.6928389675328428,0.630342209611181,0.802179574935082,0.8920314516627104,0.9331119484188125,0.7401908039967755,0.9660916354300877,0.8925080305529074,0.8388627591762913,0.7901539218387562,0.8371984643445946,0.8399352909516078,0.8534678033556781,0.8375793620564794,0.9091596236834236,0.7276555533274028,0.7976614049236198,0.8405889827300446,0.8418080507229386,0.8973093586473616,0.8665045025212602,0.9294812318592006,0.8254031491259,0.9246816658924013
y16RELB,0.7310473630194956,0.979348212308806,0.5428615342159184,0.9026711661842598,0.8050811658564504,0.8968854367113522,0.7870336438023546,0.9223301741626422,0.723231403390257,0.5661230802919449,0.7002452643036107,0.4816751020739096,0.8438542692501222,1.0,0.5619015588452099,0.6184775884545026,0.9755616608867151,0.5393784755930082,0.9047252984217176,0.8439521021373988,0.754559652576376,0.782978333839911,0.8354568253592324,0.8902299380020561,0.943753887896985,0.6769260068928379,0.7279889793388097,0.8591735068325538,0.9150988836101934,0.6934952958882331,0.8298643260873148,0.953272139326687,0.5217577651936167,0.8191050657329999,0.7144567485499252,0.9026571541260606,0.7752099427616962,0.8523494617719147,0.8257462926781792,0.619811845252957,0.7103178018660844,0.614490235024481,0.7750306452373109,0.8130138513318196,0.5186156271532912,0.8901981463344326,0.9418748929754103,0.8356669860470454,0.9358576748614491,0.7770898970459258,0.8454800647170408,0.8260232516304098,0.7312404859101684,0.7279565334486698,0.9632701164431746,0.6038984840686452,0.5282873837962826,0.712565026857568,0.8054154040368281,0.7547700527084691,0.7214915904800553,0.7935060826411791,0.6129765560014796,0.8964632757673642,0.733936996179604,0.8321901585112056,0.7879394930475355,0.7416391491891473,0.5098148984853762,0.9421503222479714,0.7608354543080429,0.6284462177403921,0.8574524340575894,0.9339671486119876,0.608649637253018,0.7071408937531671,0.9919944793022207,0.6184089878558792,0.8949161043348923,0.7876919506120582,0.8919352488387344,0.8526667057794692,0.9128403871451615,0.5943199546613859,0.7825365038910945,0.7331155521202983,0.6738303082751378,0.7997398763818078,0.9447810627244582,0.744681905742198
y16RWRA,0.8863015895401336,0.6072268607834506,0.9124212930237745,0.8009996263410655,0.8548342553628816,0.6665180556560866,0.6886922257247259,0.72224999725376,0.9302232925525775,0.6617278638728108,0.9142401148410501,0.7855628275181095,0.8165100804515381,0.5619015588452099,1.0,0.8744484363740843,0.6325292862839689,0.9020201188679071,0.7510821428473892,0.8386173128306853,0.8920779805963749,0.7158092282962233,0.7187875790087146,0.7674285831377412,0.6229370465913088,0.8944978192956036,0.711961318861149,0.7734012598379753,0.726744451190326,0.9099748221442675,0.8044912763869457,0.6197914698405281,0.9046065078032552,0.8502239653702955,0.9261983157636431,0.7462303774640661,0.6176932495136808,0.6641528868792673,0.824873923536225,0.7242416473746012,0.9151966430081213,0.8654518066539352,0.8200659415462104,0.7975896537289224,0.9163779488188972,0.7750196678238817,0.67670016080085,0.873143749356919,0.750255825744394,0.8571540178217143,0.7232911185837231,0.664716021273346,0.8114427964846567,0.9269852177474666,0.4961483154422249,0.905115798316246,0.8092846159209515,0.8623305531650977,0.6709695326488916,0.8941504769751673,0.8917473604367189,0.6973004053589654,0.9033014326848335,0.7214405707065714,0.8396444760581867,0.8095070034778207,0.6927882510258444,0.6665737505447645,0.9203724968994015,0.5450362034020917,0.8577009318983824,0.8510928316611682,0.8417331026234319,0.7433103536517176,0.9229785934679621,0.847554038004573,0.5164091514761497,0.9560423440700377,0.7649699108775464,0.8445287773273367,0.7051197051779718,0.6635897468413477,0.6451225418040142,0.9227652715895609,0.7662984405961115,0.8982317959159044,0.7832028393825878,0.8776440968148528,0.6794112926012994,0.8914497852000416
y21RSHO,0.9504482316014019,0.7037226810035214,0.9084707040385636,0.8603976251486108,0.8891249198466791,0.7733947585012476,0.5973015103667986,0.758301100251398,0.8824184282649284,0.7861860477623097,0.8965916386378646,0.8039773604245599,0.880616756645808,0.6184775884545026,0.8744484363740843,1.0,0.7312538957237623,0.7845596577378686,0.8106992984377844,0.8798191611592714,0.8455874417423227,0.6318326893484429,0.6599814407798126,0.8075112489933185,0.7660508656572601,0.8892323107927007,0.733705090758185,0.8624306168773577,0.7512864527428145,0.8792060854158221,0.8565207703308788,0.7448783216912279,0.8940720717374951,0.8137251346850327,0.9164071838478949,0.7927340943827424,0.5214073691796068,0.5970698368405105,0.9108954443707212,0.8093406726254014,0.9028510935173296,0.9013330199452175,0.8917451419839519,0.79864099660982,0.9144775667934083,0.8596701570545306,0.6693355625653735,0.8764381144838551,0.7968433038574818,0.8844372446097754,0.8120492330578406,0.6102780890349224,0.7679580859816565,0.9359246520466666,0.6156781379329176,0.93095794819281,0.8054787535260912,0.8146642412398961,0.8407586870501554,0.8896518180513716,0.9592667407363817,0.8656697415660815,0.8279916707825676,0.7046111666948688,0.8781244651393014,0.8690574480433454,0.5935302949848159,0.5653736321855504,0.8293155982422518,0.682877449050029,0.9129553665815632,0.7367200068756539,0.873308717405382,0.7377216349460329,0.8542749120904118,0.7717446961815706,0.6147251315547616,0.8934073814993678,0.7671274543116463,0.74935513244211,0.7560828260091776,0.6137389588194607,0.7052793351815928,0.8835908089566711,0.8570782458325055,0.9384029231424538,0.7928506149229452,0.9214361265971467,0.6656400767811504,0.8608208776439019
y21RELB,0.8184662329888761,0.9916597497011197,0.634046052889422,0.946002642502489,0.8506968541328006,0.9409989438751767,0.7382404819838623,0.9261075093630956,0.7792198376787592,0.6504478326714449,0.7635799675947216,0.570332920635088,0.9053771274174109,0.9755616608867151,0.6325292862839689,0.7312538957237623,1.0,0.6203009673522261,0.9385123108262571,0.8774035736164765,0.7956462611095115,0.7469200364359646,0.7943942398907771,0.912413755260092,0.9847988340186831,0.7339190904966378,0.7788456513156033,0.9201054940967427,0.915095808292354,0.7443143683435397,0.8820152332365465,0.9871224764158893,0.6232175616124,0.8270340014539898,0.779032801609792,0.9419679694260107,0.7028343781875038,0.7996440569089237,0.8852244185618755,0.6963488197750305,0.7751838912569078,0.6974303119872269,0.840391015313029,0.8538433171427797,0.6246369601346372,0.9397317159760011,0.9068729498698141,0.8721393720477905,0.961752796383605,0.8235413406878697,0.907057317218805,0.7768095254609191,0.7440713690251322,0.8146380707414077,0.9719051353292797,0.6914166530034521,0.6010444590774456,0.7303867682784798,0.8898617497476669,0.8247467699636059,0.8049443287731665,0.8881534999601112,0.6661517851958126,0.9072008775253734,0.8177422431621546,0.8874900650849663,0.7380621875795328,0.6874567934197664,0.5937360434732403,0.9679255972275775,0.8319535778406614,0.6343560246467029,0.9211667040178975,0.940394476813162,0.6664274960434047,0.7179221690349996,0.9818566883128309,0.6861461329284946,0.8887799329970163,0.788556788647607,0.9146067709848449,0.8033622998011214,0.9111473295550345,0.6769844699109301,0.8515271580462495,0.8085622138493616,0.7475464646227555,0.8610432862760404,0.9130247160390387,0.8124417283860388
y21RWRA,0.8712186486854044,0.5709741390588104,0.8042407735906087,0.7392652641195668,0.7821735517282489,0.6757526262865536,0.5862144307464457,0.6275933238157494,0.8746911297835113,0.47324212972271107,0.8273055642615845,0.6894077336547186,0.7921690010482307,0.5393784755930082,0.9020201188679071,0.7845596577378686,0.6203009673522261,1.0,0.7240664171639069,0.8058907127855628,0.8377903160200137,0.6027184475535081,0.5900576926696115,0.6980678621092155,0.5858157329241368,0.8586774677722372,0.7625700238404832,0.7844385265720802,0.6473671322644515,0.8787120178084181,0.8165446119592987,0.5929549581152557,0.8637203545901616,0.7397532623665961,0.8805978344698954,0.7514276423747401,0.492699091288878,0.5542069491921066,0.7178504427435783,0.5618161890051044,0.840634729263523,0.7490117471357406,0.8055341353280422,0.7435358964238747,0.9147251988570466,0.7331220561680112,0.5922981732443516,0.7942771141838597,0.7464408542129938,0.8146067579334669,0.6963514380615411,0.5487869610384232,0.6546376694879152,0.8969285369447721,0.5267754979163772,0.821644757412627,0.7142055354681184,0.8154750676824792,0.6073241814466426,0.879034584328371,0.8175194570939056,0.6289078041267444,0.9255634335449733,0.754961055994621,0.8226202614578769,0.7502755224091293,0.5724324777217102,0.5183798997116377,0.9451877099362023,0.5558271953392746,0.8436369138457399,0.8083035868070693,0.7986654656634612,0.7210936250975668,0.9145277137751701,0.7757924085833444,0.49677706528871707,0.8823874698985398,0.6552892271896454,0.7995047231076811,0.7164706497979717,0.5389961532265442,0.5376879619114312,0.8774259705433195,0.6612779119467529,0.8134682783313157,0.7453155162878322,0.7885215219372269,0.5970959433443083,0.8686972282102797
y22RSHO,0.8832575458964126,0.9323320944427893,0.7411405628426221,0.9510598537766378,0.8716681944048261,0.8913975102650366,0.746353810253546,0.9055885729654432,0.8630934998137372,0.6429918983085867,0.8528042557877974,0.6365952643754741,0.958090214003874,0.9047252984217176,0.7510821428473892,0.8106992984377844,0.9385123108262571,0.7240664171639069,1.0,0.922368235408962,0.8711624603553045,0.7670489919972033,0.7974125000300456,0.9114667726862634,0.9286294301955504,0.8194732284601154,0.7643450573408318,0.9249368342092389,0.8748028637056924,0.8531865755268163,0.9485886892131323,0.9314747731847531,0.6767005391449402,0.891985485753551,0.8530196464480203,0.9164279080028431,0.7114966634146729,0.7903487132260254,0.9017206278044316,0.686996352099002,0.8545377986562167,0.7496017623421923,0.893580777712173,0.9078893584888201,0.7479479865771024,0.9420323721641207,0.875856338445768,0.8922788768454295,0.960138322128074,0.900616067252181,0.9110211935856047,0.7572867637740527,0.777729981590975,0.8862833066529603,0.8964333520082987,0.7825015016660956,0.6563151227505194,0.7935567210035899,0.836127779525763,0.8864888662663264,0.8839628583210285,0.8485780890962831,0.7941554151137116,0.9471205877950717,0.8974412980495523,0.9267167163382578,0.7626910173869552,0.700443459815089,0.7041597675795292,0.897983361969912,0.892866199160931,0.7310462785266423,0.9398727855196612,0.9441958157463408,0.7812651475150477,0.7899564781726024,0.8979280206106323,0.7867171214501458,0.8780228825925463,0.856192810137915,0.9097364117786024,0.7916255277232165,0.8450631039371959,0.8069064068959919,0.8573163891160293,0.8696548443744855,0.7895582019849124,0.9130174587066952,0.8810978609997568,0.8834250714166695
y22RELB,0.9293614111913219,0.8554458561835906,0.8213114765523226,0.9536931536303547,0.9516732136044609,0.870581223177607,0.8276623377063234,0.9212610479727078,0.9344068895267517,0.6970938699011193,0.9301046047730015,0.7444212485123699,0.9168453075038725,0.8439521021373988,0.8386173128306853,0.8798191611592714,0.8774035736164765,0.8058907127855628,0.922368235408962,1.0,0.8886322306204659,0.8401938991209205,0.8651482434147145,0.9364413273703313,0.8627017038004041,0.93267743086041,0.7993209670658322,0.9155170475630887,0.9200192005639831,0.9107399917479448,0.9293703579269046,0.8574194616331737,0.8208605632514344,0.9221627475339935,0.9478268378864482,0.9045505133128682,0.7837695249782327,0.8455575633286266,0.9264180811024503,0.7719965429780696,0.911102477081503,0.8300785733656242,0.9341177628898719,0.8883708730716053,0.8234543987211291,0.9327841606200978,0.8940191751940835,0.9620853361892514,0.949856047561655,0.9702415225137114,0.8421747254975043,0.8476025908716779,0.8653984659728862,0.9347520300971578,0.7910946509791821,0.8533653350750994,0.7658505843024925,0.9305548052930002,0.8242327092208851,0.8969655493689322,0.9250697068685818,0.8367723890329489,0.8857393512552776,0.8955715802184671,0.8989339651541716,0.9073559061946522,0.8240327018427255,0.7844095737557949,0.8005651779692127,0.8115254311368391,0.9505474536749972,0.8519585339011755,0.9231739301548619,0.9198714911969915,0.8834713703518995,0.8831370878282173,0.8151905098063659,0.8924926015233152,0.9245562811089778,0.9210135106472603,0.8809316007586216,0.8396547477672924,0.8684339867756525,0.8654348524652429,0.876400028093941,0.9398739264648855,0.7821658367263655,0.949010031375307,0.8911370638748005,0.8814571773809816
y22RWRA,0.9064409752656236,0.7877456534776361,0.8468131854553216,0.87194710288936,0.8579191126199249,0.8189805607069643,0.6965897659507112,0.7914569207610427,0.868404596940172,0.6163327287008792,0.8601952016539214,0.7332509002701003,0.908959724388291,0.754559652576376,0.8920779805963749,0.8455874417423227,0.7956462611095115,0.8377903160200137,0.8711624603553045,0.8886322306204659,1.0,0.7060924574550107,0.7542851381396817,0.8161767229319556,0.7986261203838142,0.8356819295831972,0.8501604959419816,0.8957471955641575,0.7912483960310658,0.9509110675714016,0.8911117533462349,0.7719053239318578,0.8479294298976516,0.8717940055003752,0.9196418996214993,0.880025871752575,0.6387897419328937,0.7075876080552495,0.8783118746617414,0.643818196286191,0.9278094430280016,0.8334767874538908,0.8942220196062293,0.8070523053664606,0.8822241583798682,0.8639466367703652,0.7783048139208728,0.8896014274410704,0.8560562060550315,0.8648601124727375,0.897963220290404,0.6987627394081437,0.7580025097811179,0.9082908168825993,0.7262983815632879,0.8464900512086068,0.7680538545513684,0.8473708155495147,0.7554414623999055,0.9504602388717169,0.8806564241161048,0.7437079697240536,0.8786598956113291,0.8086013797537176,0.8256505891189294,0.8884740594045627,0.6924446436450585,0.6503492834694528,0.8847237746856056,0.7651447132492099,0.8702489821904182,0.8207128940481482,0.914078764392398,0.8199700688522575,0.8908991845260288,0.8347899980014735,0.7215640587402739,0.8998744164049062,0.8345532468585118,0.8345533401759574,0.8698500373442583,0.71685581223679,0.7231449025419723,0.817634823595376,0.7787544658632506,0.8593393275603411,0.8840630124315093,0.9010921177836756,0.7733151176034172,0.9333050127488877
y23RSHO,0.679776754462254,0.7437247929162684,0.6278785776000521,0.8343175237372414,0.8478370375883807,0.6378846275948659,0.9890325922116578,0.9221710868354613,0.844199889714659,0.6493656067940732,0.8018101295250316,0.5356982853253968,0.7036010644013921,0.782978333839911,0.7158092282962233,0.6318326893484429,0.7469200364359646,0.6027184475535081,0.7670489919972033,0.8401938991209205,0.7060924574550107,1.0,0.9750471290464527,0.8952120462404214,0.6960171284374558,0.8128002904729089,0.5640542560329512,0.6787084964484541,0.900682899704445,0.7119271858334275,0.6880062436282173,0.714386886791235,0.6254255357272798,0.9277746555655488,0.7926078879948328,0.6967492745036711,0.9669528972056031,0.977312840627143,0.7968528386724393,0.7261784251490406,0.7174173704052587,0.6913362726129819,0.6992314094336953,0.8058381962010901,0.5436251888960496,0.7837102814680117,0.9380163012064143,0.8778151306609039,0.8413517251136959,0.7751713949587147,0.583650676324579,0.9765853515953059,0.9454370135650161,0.7434876640054054,0.645915598820911,0.6824631512338809,0.5392742654153794,0.8637084678051361,0.6254373485041016,0.6723302283520177,0.737944273988096,0.6493520788822296,0.6763977652081283,0.7950529220785223,0.7100141632949994,0.7068622896700291,0.9865451388372289,0.9835087737151432,0.5712386568984296,0.6234057346875104,0.7225493939098311,0.7810995046967497,0.726527594922009,0.8591644860363478,0.6892549469497835,0.9195279520322839,0.7352771629057033,0.731410659103955,0.93251002070664,0.9217000466696869,0.6659536744511898,0.9805413610447492,0.8922289805530284,0.7111841860594322,0.7770688756442253,0.7830894628917654,0.4873957716426348,0.7937456582491218,0.9354507799761949,0.6452082571719903
y23RELB,0.7093252775423101,0.7989891979515023,0.6531981376101824,0.8553344282936587,0.869506655671366,0.7101295803507088,0.98105065395818,0.9334014996515176,0.8359162621407343,0.6458303582542715,0.8110501333618159,0.5583267866835356,0.7556082183351818,0.8354568253592324,0.7187875790087146,0.6599814407798126,0.7943942398907771,0.5900576926696115,0.7974125000300456,0.8651482434147145,0.7542851381396817,0.9750471290464527,1.0,0.8981992841747025,0.7429547882607237,0.8157243889110448,0.636647546272488,0.7418313238371882,0.9210782256701566,0.749054952433801,0.7283125949352826,0.7582691018985261,0.6398006469595074,0.9343480557111691,0.8094550541229494,0.7580589754586299,0.9682667236816992,0.9796718776966016,0.8265491898928945,0.7179732264777805,0.7617622240006376,0.7045013128042104,0.738577267783105,0.7931939881186576,0.5602614757673587,0.8106448089779231,0.9670770217740321,0.8949430496567552,0.8582122966053849,0.8023917929151776,0.652783317855582,0.9860517211599867,0.9328138536969145,0.7500116216013424,0.7001766916606216,0.7178901902155866,0.5982504982160542,0.8804411976473333,0.6565262482604621,0.7092990862933924,0.7694261287917198,0.6769460958084567,0.6785989303494145,0.79823017775676,0.6980100097395482,0.7482767302755439,0.9728987970394137,0.9698031099505766,0.5932003462171446,0.6915474599015143,0.7562747901527686,0.8096312911383261,0.7689853384883922,0.8694930300695617,0.7102305460402668,0.9063849880834521,0.7863669769060607,0.7453297923626224,0.966599753084229,0.9151331359729258,0.7334860654814295,0.9890369371439531,0.9122891972597174,0.6991425982251018,0.7750550842705786,0.7992759486742836,0.5626253798417875,0.8223008476974327,0.9568156457326836,0.6894952503456729
